3135767
3483076
3676630
3810877
3911211
3988265
4050097
4103537
4146179
4182808
4214727
4242475
4266956
4288456
4307690
4324969
4340243
4354293
4367181
4378317
4388712
4398317
4407191
4415169
4422945
4430628
4437143
4443539
4450967
4460679
4468831
4476587
4484497
4491883
4500316
4509443
4520720
4530819
4538174
4548541
4569008
4584822
4609592
4623183
4634980
4659418
4667755
4674709
4688117
4710827
4734216
4759789
4772436
4787401
4804571
4815415
4828532
4841736
4854121
4874028
4887717
4897985
4909237
4917254
4924699
4933216
4943819
4953938
4973230
4982527
4988677
4995351
5006149
5015359
5023379
5033482
5044471
5050247
5058079
5063576
5070061
5076242
5085358
5091745
5098666
5104381
5113679
5121110
5125737
5130421
5136255
5141794
5146156
5150008
5154525
5163399
5169894
5174192
5178600
5183435
