2586068
2975350
3201030
3370790
3505235
3614996
3705666
3784335
3851989
3912861
3969792
4018617
4063409
4105269
4143614
4178514
4210885
4242660
4271490
4298779
4324455
4348643
4371044
4392140
4413916
4434207
4453211
4470808
4488537
4505979
4521906
4537246
4553085
4567277
4581469
4594901
4608097
4620648
4632769
4644543
4655604
4666710
4677107
4687922
4698218
4708059
4717792
4727200
4736301
4745042
4753657
4761875
4770707
4778681
4787011
4794600
4802036
4809987
4817143
4824400
4831704
4838407
4845105
4851987
4858703
4865234
4872358
4878598
4884458
4890930
4896723
4902606
4915616
4923122
4928886
4934208
4939721
4944581
4949387
4954828
4961159
4969045
4975071
4979679
4984580
4989658
4994489
4999089
5005725
5011431
5017178
5025644
5040370
5044747
5052375
5057857
5061942
5065931
5070658
5076984
