1595447
1975655
2233292
2416195
2563809
2688610
2790396
2874311
2950019
3018896
3085215
3143304
3194235
3246157
3292222
3335530
3378701
3416281
3454893
3490927
3522594
3554289
3582702
3610614
3635302
3657977
3681118
3704818
3726815
3748253
3767694
3787310
3809001
3826884
3845129
3861717
3878289
3896001
3911704
3927716
3943040
3957318
3971300
3985914
3999890
4013915
4027514
4040257
4053682
4066316
4077756
4089652
4103752
4115973
4128056
4139261
4150513
4161241
4171741
4183028
4193140
4203894
4215616
4225740
4234460
4243774
4253284
4261900
4271055
4280144
4289384
4297444
4305519
4313245
4320950
4329953
4338021
4345679
4353184
4360727
4368587
4375878
4383431
4390332
4397290
4404266
4411640
4418644
4427242
4433509
4440201
4446610
4453052
4459625
4467058
4473496
4480326
4486832
4492696
4498813
